979.0371 1100.0 125.8443 42.89
794.0914 1060.0 369.1794 43.53
618.6261 1020.0 600.5435 44.00
452.6409 980.0 819.9366 44.32
296.1361 940.0 1027.3587 44.48
149.1115 900.0 1222.8099 44.48
-5.8033 860.0 1436.7263 42.74
-129.7699 820.0 1609.8656 42.74
-236.7638 780.0 1751.6325 42.59
-338.5485 740.0 1878.3552 43.08
-435.3261 700.0 1992.5878 43.75
-528.0006 660.0 2096.1734 44.42
-617.3379 620.0 2190.1487 45.03
-703.7358 580.0 2274.7570 45.14
-787.2500 540.0 2350.0100 45.02
-867.7123 500.0 2416.1686 44.60
-944.8067 460.0 2473.8173 44.55
-1018.1857 420.0 2523.5307 44.68
-1087.5260 380.0 2565.5607 44.92
-1152.5442 340.0 2599.8007 45.39
-1212.9759 300.0 2625.8689 46.20
-1268.2549 260.0 2642.9184 47.00
-1316.5425 220.0 2648.7851 47.43
-1354.3161 180.0 2639.6457 48.16
-1377.6673 140.0 2611.3231 48.72
-1383.6532 100.0 2560.4733 48.58
-1371.0259 60.0 2485.1081 48.42
-1340.8052 20.0 2385.0371 48.42
-1299.1382 -20.0 2269.8857 46.86
-1194.1511 -60.0 2040.4458 46.37
-1055.0918 -100.0 1753.3531 45.85
-881.9604 -140.0 1408.6076 45.30
-674.7567 -180.0 1006.2094 44.72
-433.4810 -220.0 546.1583 44.12
